0 1
1 0
2 2
3 0
4 0
5 1
6 0
7 1
8 1
9 1
10 1
11 2
12 0
13 0
14 2
15 3
16 0
17 0
18 3
19 1
20 3
21 1
22 1
23 3
24 2
25 2
26 0
27 3
28 3
29 1
30 1
31 1
32 2
33 1
34 1
35 0
36 3
37 2
38 2
39 1
40 3
41 0
42 1
43 2
44 0
45 0
46 0
47 0
48 3
49 3
50 1
51 1
52 0
53 1
54 2
55 0
56 1
57 0
58 3
59 1
60 0
61 3
62 2
63 2
64 3
65 3
66 3
67 0
68 0
69 1
70 3
71 0
72 1
73 0
74 3
75 2
76 0
77 3
78 3
79 1
80 2
81 0
82 0
83 2
84 2
85 3
86 2
87 0
88 3
89 0
90 1
91 3
92 3
93 3
94 3
95 0
96 3
97 0
98 2
99 0
100 3
101 3
102 0
103 2
104 0
105 3
106 3
107 0
108 1
109 1
110 3
111 1
112 0
113 1
114 2
115 1
116 3
117 3
118 3
119 1
120 1
121 3
122 3
123 2
124 0
125 3
126 2
127 3
128 0
129 3
130 2
131 0
132 3
133 0
134 1
135 0
136 2
137 1
138 0
139 2
140 3
141 3
142 3
143 1
144 3
145 1
146 1
147 1
148 0
149 1
150 2
151 1
152 3
153 3
154 2
155 3
156 0
157 2
158 2
159 0
160 3
161 1
162 3
163 3
164 0
165 3
166 1
167 3
168 1
169 3
170 3
171 3
172 3
173 2
174 3
175 3
176 2
177 3
178 0
179 3
180 1
181 3
182 3
183 3
184 2
185 3
186 0
187 1
188 0
189 1
190 3
191 0
192 3
193 0
194 2
195 2
196 2
197 3
198 1
199 1
200 3
201 0
202 3
203 2
204 3
205 3
206 3
207 3
208 1
209 2
210 0
211 2
212 0
213 1
214 2
215 0
216 2
217 3
218 3
219 0
220 2
221 1
222 2
223 0
224 2
225 1
226 0
227 3
228 0
229 3
230 3
231 1
232 0
233 3
234 1
235 3
236 0
237 3
238 3
239 3
240 3
241 3
242 1
243 2
244 3
245 3
246 0
247 0
248 3
249 3
250 3
251 0
252 3
253 3
254 3
255 0
256 0
257 1
258 0
259 3
260 0
261 3
262 3
263 0
264 3
265 3
266 3
267 3
268 0
269 0
270 2
271 0
272 2
273 3
274 1
275 0
276 3
277 1
278 3
279 0
280 3
281 2
282 0
283 3
284 1
285 0
286 3
287 1
288 0
289 3
290 0
291 0
292 0
293 0
294 0
295 3
296 2
297 3
298 1
299 0
300 0
301 2
302 2
303 0
304 0
305 2
306 3
307 3
308 2
309 1
310 3
311 3
312 1
313 2
314 2
315 3
316 3
317 2
318 2
319 2
320 3
321 3
322 1
323 3
324 2
325 3
326 1
327 3
328 1
329 1
330 1
331 0
332 0
333 1
334 3
335 2
336 0
337 2
338 2
339 3
340 3
341 3
342 0
343 1
344 1
345 1
346 2
347 2
348 0
349 1
350 3
351 3
352 3
353 3
354 0
355 0
356 0
357 1
358 2
359 1
360 1
361 2
362 3
363 2
364 1
365 0
366 1
367 1
368 3
369 2
370 3
371 1
372 3
373 0
374 1
375 3
376 1
377 0
378 1
379 3
380 3
381 0
382 3
383 3
384 3
385 2
386 0
387 2
388 2
389 1
390 1
391 0
392 1
393 2
394 3
395 0
396 0
397 3
398 2
399 2
400 3
401 3
402 2
403 0
404 1
405 2
406 2
407 2
408 3
409 0
410 3
411 1
412 1
413 0
414 2
415 3
416 1
417 2
418 0
419 0
420 3
421 3
422 0
423 0
424 3
425 2
426 3
427 0
428 2
429 0
430 2
431 3
432 3
433 3
434 2
435 0
436 3
437 1
438 0
439 3
440 1
441 3
442 3
443 3
444 2
445 3
446 0
447 0
448 3
449 3
450 1
451 2
452 0
453 2
454 1
455 3
456 0
457 3
458 3
459 0
460 3
461 3
462 2
463 0
464 2
465 2
466 1
467 0
468 1
469 1
470 1
471 1
472 2
473 2
474 3
475 1
476 0
477 1
478 1
479 3
480 3
481 1
482 0
483 1
484 1
485 0
486 1
487 2
488 1
489 2
490 1
491 3
492 3
493 2
494 0
495 2
496 1
497 2
498 1
499 3
500 2
501 2
502 1
503 3
504 3
505 0
506 1
507 2
508 0
509 1
510 1
511 2
512 3
513 1
514 3
515 1
516 3
517 0
518 3
519 1
520 0
521 3
522 2
523 3
524 3
525 0
526 0
527 0
528 3
529 0
530 3
531 1
532 2
533 3
534 0
535 3
536 2
537 0
538 3
539 3
540 1
541 3
542 2
543 1
544 3
545 0
546 0
547 0
548 3
549 2
550 0
551 3
552 1
553 1
554 2
555 2
556 3
557 0
558 2
559 0
560 3
561 1
562 0
563 1
564 3
565 2
566 0
567 0
568 1
569 3
570 0
571 0
572 1
573 0
574 0
575 3
576 0
577 3
578 1
579 3
580 1
581 0
582 3
583 3
584 2
585 3
586 3
587 3
588 3
589 0
590 1
591 1
592 1
593 1
594 3
595 1
596 3
597 0
598 0
599 2
600 3
601 0
602 0
603 1
604 0
605 1
606 2
607 1
608 1
609 3
610 3
611 2
612 3
613 1
614 1
615 3
616 3
617 3
618 1
619 2
620 1
621 3
622 0
623 1
624 3
625 0
626 3
627 3
628 3
629 0
630 0
631 3
632 3
633 3
634 2
635 3
636 3
637 2
638 0
639 1
640 3
641 3
642 3
643 0
644 2
645 1
646 0
647 3
648 1
649 0
650 3
651 1
652 3
653 3
654 0
655 0
656 2
657 3
658 2
659 3
660 1
661 2
662 0
663 3
664 3
665 3
666 1
667 3
668 3
669 0
670 2
671 2
672 2
673 3
674 1
675 0
676 1
677 1
678 1
679 1
680 1
681 3
682 3
683 3
684 3
685 0
686 3
687 0
688 0
689 1
690 2
691 2
692 2
693 0
694 3
695 0
696 3
697 1
698 0
699 0
700 0
701 1
702 0
703 1
704 1
705 0
706 0
707 1
708 3
709 0
710 1
711 1
712 0
713 1
714 3
715 3
716 2
717 2
718 3
719 2
720 3
721 0
722 0
723 1
724 3
725 2
726 3
727 0
728 1
729 0
730 3
731 0
732 2
733 0
734 1
735 3
736 1
737 0
738 2
739 1
740 3
741 0
742 3
743 0
744 1
745 2
746 3
747 3
748 3
749 2
750 2
751 1
752 3
753 3
754 1
755 2
756 0
757 0
758 0
759 3
760 0
761 0
762 0
763 2
764 2
765 2
766 3
767 3
768 0
769 1
770 3
771 0
772 3
773 1
774 2
775 0
776 0
777 2
778 3
779 1
780 3
781 1
782 1
783 2
784 1
785 3
786 1
787 0
788 0
789 2
790 1
791 0
792 3
793 0
794 2
795 0
796 2
797 3
798 0
799 3
800 1
801 0
802 2
803 2
804 3
805 2
806 1
807 1
808 2
809 0
810 0
811 3
812 1
813 2
814 3
815 2
816 2
817 0
818 1
819 0
820 2
821 2
822 3
823 3
824 3
825 1
826 1
827 3
828 3
829 1
830 3
831 0
832 0
833 0
834 0
835 0
836 1
837 0
838 3
839 1
840 0
841 1
842 2
843 1
844 3
845 3
846 1
847 0
848 3
849 2
850 2
851 2
852 0
853 3
854 1
855 1
856 3
857 3
858 0
859 1
860 3
861 1
862 0
863 3
864 1
865 0
866 3
867 1
868 1
869 1
870 1
871 3
872 3
873 3
874 0
875 3
876 1
877 0
878 3
879 2
880 3
881 1
882 0
883 2
884 0
885 3
886 0
887 0
888 0
889 0
890 0
891 2
892 0
893 2
894 1
895 0
896 1
897 0
898 0
899 1
900 1
901 0
902 3
903 1
904 1
905 3
906 3
907 0
908 0
909 3
910 0
911 3
912 0
913 3
914 0
915 0
916 2
917 1
918 3
919 3
920 2
921 0
922 1
923 1
924 3
925 3
926 1
927 2
928 2
929 1
930 1
931 3
932 1
933 0
934 0
935 1
936 1
937 0
938 0
939 3
940 3
941 3
942 3
943 1
944 0
945 2
946 1
947 0
948 3
949 0
950 0
951 3
952 3
953 3
954 3
955 0
956 1
957 1
958 3
959 1
960 3
961 0
962 2
963 3
964 3
965 3
966 2
967 0
968 0
969 3
970 1
971 0
972 3
973 1
974 0
975 2
976 0
977 3
978 0
979 0
980 1
981 2
982 3
983 3
984 2
985 3
986 0
987 3
988 3
989 0
990 2
991 0
992 0
993 2
994 2
995 3
996 3
997 3
998 0
999 3
1000 3
1001 3
1002 3
1003 0
1004 1
1005 3
1006 3
1007 0
1008 0
1009 2
1010 0
1011 1
1012 3
1013 3
1014 1
1015 1
1016 0
1017 0
1018 0
1019 3
1020 1
1021 2
1022 0
1023 3
1024 2
1025 1
1026 2
1027 1
1028 2
1029 3
1030 1
1031 2
1032 2
1033 3
1034 3
1035 2
1036 0
1037 0
1038 3
1039 3
1040 0
1041 1
1042 3
1043 2
1044 3
1045 0
1046 1
1047 1
1048 3
1049 3
1050 3
1051 0
1052 1
1053 3
1054 3
1055 0
1056 2
1057 2
1058 0
1059 0
1060 2
1061 3
1062 0
1063 3
1064 1
1065 3
1066 3
1067 1
1068 1
1069 2
1070 1
1071 0
1072 3
1073 1
1074 3
1075 0
1076 3
1077 0
1078 3
1079 3
1080 1
1081 1
1082 3
1083 3
1084 1
1085 3
1086 0
1087 1
1088 2
1089 0
1090 1
1091 2
1092 1
1093 2
1094 0
1095 2
1096 3
1097 2
1098 1
1099 0
1100 2
1101 1
1102 3
1103 2
1104 1
1105 3
1106 0
1107 3
1108 0
1109 3
1110 1
1111 0
1112 0
1113 2
1114 0
1115 0
1116 1
1117 0
1118 2
1119 0
1120 3
1121 3
1122 0
1123 3
1124 3
1125 1
1126 2
1127 0
1128 3
1129 1
1130 1
1131 0
1132 0
1133 3
1134 1
1135 2
1136 1
1137 3
1138 2
1139 3
1140 0
1141 3
1142 3
1143 3
1144 2
1145 2
1146 2
1147 3
1148 0
1149 3
1150 2
1151 1
1152 2
1153 3
1154 1
1155 2
1156 3
1157 0
1158 0
1159 0
1160 1
1161 3
1162 3
1163 2
1164 3
1165 3
1166 2
1167 3
1168 3
1169 1
1170 0
1171 0
1172 1
1173 3
1174 1
1175 3
1176 1
1177 1
1178 3
1179 0
1180 3
1181 3
1182 0
1183 1
1184 0
1185 0
1186 0
1187 2
1188 0
1189 0
1190 0
1191 3
1192 2
1193 1
1194 1
1195 3
1196 3
1197 0
1198 0
1199 0
1200 1
1201 1
1202 2
1203 2
1204 0
1205 3
1206 3
1207 2
1208 2
1209 2
1210 3
1211 1
1212 0
1213 1
1214 1
1215 0
1216 3
1217 1
1218 0
1219 3
1220 0
1221 2
1222 2
1223 3
1224 2
1225 0
1226 3
1227 3
1228 2
1229 0
1230 2
1231 3
1232 0
1233 0
1234 2
1235 1
1236 2
1237 2
1238 1
1239 2
1240 2
1241 2
1242 2
1243 3
1244 2
1245 3
1246 0
1247 0
1248 3
1249 2
1250 3
1251 1
1252 2
1253 0
1254 1
1255 1
1256 3
1257 0
1258 1
1259 1
1260 3
1261 1
1262 2
1263 0
1264 3
1265 2
1266 3
1267 0
1268 1
1269 3
1270 3
1271 1
1272 1
1273 3
1274 3
1275 3
1276 0
1277 3
1278 0
1279 2
1280 2
1281 1
1282 3
1283 1
1284 3
1285 2
1286 2
1287 1
1288 3
1289 0
1290 3
1291 2
1292 0
1293 0
1294 3
1295 3
1296 3
1297 2
1298 2
1299 2
1300 0
1301 2
1302 3
1303 3
1304 1
1305 1
1306 3
1307 0
1308 0
1309 3
1310 3
1311 0
1312 1
1313 0
1314 2
1315 3
1316 2
1317 3
1318 0
1319 0
1320 2
1321 0
1322 3
1323 1
1324 2
1325 0
1326 3
1327 3
1328 1
1329 2
1330 3
1331 3
1332 3
1333 0
1334 0
1335 3
1336 0
1337 0
1338 1
1339 2
1340 3
1341 1
1342 1
1343 1
1344 0
1345 0
1346 1
1347 3
1348 2
1349 3
1350 0
1351 0
1352 0
1353 1
1354 1
1355 3
1356 1
1357 3
1358 1
1359 0
1360 2
1361 3
1362 1
1363 3
1364 1
1365 3
1366 0
1367 3
1368 3
1369 2
1370 1
1371 1
1372 1
1373 0
1374 0
1375 1
1376 2
1377 3
1378 1
1379 3
1380 3
1381 3
1382 0
1383 1
1384 1
1385 2
1386 2
1387 2
1388 3
1389 3
1390 3
1391 1
1392 3
1393 2
1394 1
1395 0
1396 0
1397 2
1398 3
1399 2
1400 0
1401 3
1402 3
1403 3
1404 3
1405 3
1406 3
1407 0
1408 0
1409 3
1410 2
1411 2
1412 0
1413 1
1414 1
1415 2
1416 0
1417 1
1418 3
1419 3
1420 2
1421 0
1422 3
1423 1
1424 1
1425 1
1426 2
1427 0
1428 2
1429 1
1430 0
1431 3
1432 3
1433 2
1434 3
1435 0
1436 3
1437 1
1438 2
1439 2
1440 1
1441 3
1442 3
1443 3
1444 2
1445 2
1446 0
1447 1
1448 2
1449 3
1450 1
1451 0
1452 1
1453 3
1454 1
1455 0
1456 3
1457 0
1458 3
1459 0
1460 2
1461 1
1462 2
1463 3
1464 1
1465 0
1466 2
1467 0
1468 2
1469 1
1470 0
1471 3
1472 3
1473 0
1474 0
1475 1
1476 0
1477 0
1478 2
1479 0
1480 3
1481 3
1482 0
1483 1
1484 0
1485 3
1486 1
1487 3
1488 1
1489 2
1490 1
1491 3
1492 0
1493 0
1494 0
1495 1
1496 3
1497 0
1498 0
1499 3
1500 3
1501 1
1502 0
1503 0
1504 3
1505 1
1506 0
1507 1
1508 1
1509 3
1510 0
1511 3
1512 1
1513 0
1514 3
1515 3
1516 2
1517 1
1518 1
1519 2
1520 2
1521 1
1522 1
1523 0
1524 3
1525 0
1526 1
1527 3
1528 3
1529 1
1530 3
1531 2
1532 2
1533 0
1534 1
1535 0
1536 3
1537 1
1538 3
1539 1
1540 2
1541 3
1542 1
1543 2
1544 2
1545 3
1546 1
1547 1
1548 0
1549 3
1550 0
1551 0
1552 0
1553 1
1554 3
1555 0
1556 3
1557 2
1558 3
1559 3
1560 1
1561 3
1562 3
1563 3
1564 1
1565 0
1566 1
1567 0
1568 0
1569 3
1570 0
1571 1
1572 1
1573 2
1574 1
1575 0
1576 3
1577 0
1578 1
1579 0
1580 3
1581 2
1582 0
1583 0
1584 3
1585 1
1586 1
1587 2
1588 0
1589 0
1590 2
1591 3
1592 1
1593 3
1594 2
1595 2
1596 1
1597 2
1598 1
1599 3
1600 0
1601 1
1602 0
1603 3
1604 3
1605 2
1606 3
1607 2
1608 0
1609 0
1610 2
1611 3
1612 3
1613 3
1614 1
1615 1
1616 1
1617 2
1618 3
1619 3
1620 3
1621 2
1622 0
1623 0
1624 0
1625 2
1626 3
1627 0
1628 3
1629 1
1630 0
1631 1
1632 3
1633 3
1634 3
1635 1
1636 3
1637 1
1638 3
1639 0
1640 2
1641 1
1642 0
1643 3
1644 0
1645 1
1646 1
1647 0
1648 2
1649 0
1650 2
1651 1
1652 0
1653 0
1654 2
1655 3
1656 1
1657 3
1658 3
1659 0
1660 0
1661 3
1662 2
1663 1
1664 2
1665 3
1666 3
1667 2
1668 2
1669 2
1670 3
1671 3
1672 1
1673 2
1674 3
1675 3
1676 0
1677 0
1678 0
1679 3
1680 0
1681 2
1682 0
1683 3
1684 3
1685 3
1686 0
1687 0
1688 0
1689 3
1690 2
1691 0
1692 3
1693 3
1694 3
1695 0
1696 3
1697 3
1698 1
1699 0
1700 0
1701 3
1702 1
1703 0
1704 3
1705 3
1706 0
1707 3
1708 3
1709 1
1710 2
1711 0
1712 2
1713 3
1714 1
1715 0
1716 3
1717 0
1718 2
1719 3
1720 3
1721 0
1722 3
1723 1
1724 3
1725 2
1726 2
1727 0
1728 1
1729 0
1730 2
1731 2
1732 1
1733 2
1734 1
1735 3
1736 0
1737 3
1738 1
1739 2
1740 3
1741 2
1742 2
1743 3
1744 0
1745 1
1746 3
1747 2
1748 0
1749 2
1750 3
1751 3
1752 3
1753 1
1754 1
1755 0
1756 3
1757 0
1758 0
1759 0
1760 3
1761 2
1762 3
1763 1
1764 3
1765 3
1766 3
1767 1
1768 1
1769 0
1770 1
1771 0
1772 2
1773 3
1774 3
1775 3
1776 3
1777 3
1778 1
1779 3
1780 2
1781 0
1782 0
1783 0
1784 1
1785 3
1786 2
1787 3
1788 3
1789 1
1790 2
1791 0
1792 3
1793 3
1794 1
1795 0
1796 2
1797 1
1798 1
1799 1
1800 1
1801 1
1802 1
1803 3
1804 0
1805 0
1806 2
1807 3
1808 0
1809 1
1810 1
1811 2
1812 3
1813 2
1814 3
1815 3
1816 3
1817 0
1818 3
1819 0
1820 0
1821 3
1822 1
1823 3
1824 0
1825 0
1826 1
1827 0
1828 1
1829 0
1830 3
1831 3
1832 3
1833 0
1834 0
1835 0
1836 2
1837 1
1838 0
1839 3
1840 1
1841 0
1842 0
1843 0
1844 3
1845 0
1846 3
1847 3
1848 3
1849 1
1850 0
1851 0
1852 2
1853 0
1854 3
1855 0
1856 3
1857 1
1858 1
1859 1
1860 1
1861 2
1862 2
1863 1
1864 0
1865 1
1866 0
1867 3
1868 3
1869 0
1870 2
1871 0
1872 3
1873 3
1874 0
1875 1
1876 2
1877 0
1878 3
1879 1
1880 2
1881 3
1882 2
1883 2
1884 1
1885 0
1886 2
1887 2
1888 0
1889 0
1890 2
1891 0
1892 0
1893 1
1894 1
1895 1
1896 0
1897 0
1898 1
1899 0
1900 3
1901 3
1902 0
1903 2
1904 0
1905 0
1906 1
1907 1
1908 3
1909 3
1910 3
1911 3
1912 3
1913 2
1914 0
1915 0
1916 0
1917 0
1918 2
1919 0
1920 3
1921 3
1922 1
1923 3
1924 1
1925 2
1926 3
1927 1
1928 3
1929 3
1930 2
1931 1
1932 0
1933 3
1934 3
1935 0
1936 3
1937 1
1938 3
1939 3
1940 2
1941 1
1942 0
1943 1
1944 3
1945 0
1946 3
1947 0
1948 2
1949 3
1950 0
1951 0
1952 0
1953 3
1954 2
1955 3
1956 0
1957 0
1958 0
1959 3
1960 3
1961 0
1962 1
1963 3
1964 1
1965 3
1966 0
1967 0
1968 2
1969 3
1970 0
1971 0
1972 3
1973 1
1974 0
1975 1
1976 1
1977 3
1978 0
1979 1
1980 1
1981 1
1982 0
1983 2
1984 2
1985 3
1986 1
1987 3
1988 2
1989 3
1990 1
1991 1
1992 2
1993 0
1994 1
1995 2
1996 3
1997 1
1998 0
1999 0
2000 1
2001 2
2002 2
2003 0
2004 3
2005 0
2006 2
2007 0
2008 3
2009 2
2010 0
2011 3
2012 2
2013 0
2014 1
2015 1
2016 3
2017 3
2018 0
2019 3
2020 0
2021 0
2022 1
2023 0
2024 3
2025 0
2026 1
2027 3
2028 1
2029 0
2030 0
2031 0
2032 0
2033 0
2034 2
2035 1
2036 3
2037 3
2038 3
2039 0
2040 0
2041 2
2042 0
2043 3
2044 0
2045 2
2046 1
2047 3
2048 3
2049 3
2050 1
2051 2
2052 3
2053 0
2054 1
2055 1
2056 1
2057 2
2058 1
2059 1
2060 0
2061 3
2062 2
2063 3
2064 3
2065 3
2066 3
2067 3
2068 0
2069 1
2070 1
2071 1
2072 0
2073 3
2074 1
2075 0
2076 1
2077 2
2078 1
2079 1
2080 3
2081 3
2082 1
2083 0
2084 2
2085 2
2086 1
2087 3
2088 0
2089 3
2090 1
2091 0
2092 3
2093 0
2094 2
2095 3
2096 3
2097 2
2098 3
2099 1
2100 0
2101 0
2102 0
2103 3
2104 3
2105 3
2106 1
2107 3
2108 1
2109 3
2110 3
2111 0
2112 1
2113 1
2114 3
2115 0
2116 2
2117 2
2118 3
2119 2
2120 3
2121 2
2122 0
2123 0
2124 2
2125 3
2126 2
2127 0
2128 2
2129 3
2130 0
2131 3
2132 0
2133 3
2134 1
2135 3
2136 0
2137 0
2138 0
2139 0
2140 3
2141 0
2142 3
2143 0
2144 3
2145 0
2146 0
2147 2
2148 1
2149 2
2150 0
2151 2
2152 2
2153 1
2154 3
2155 1
2156 1
2157 0
2158 2
2159 3
2160 2
2161 3
2162 3
2163 0
2164 2
2165 3
2166 0
2167 2
2168 3
2169 1
2170 2
2171 2
2172 0
2173 0
2174 1
2175 2
2176 3
2177 0
2178 3
2179 1
2180 2
2181 3
2182 1
2183 1
2184 0
2185 2
2186 3
2187 3
2188 3
2189 0
2190 1
2191 3
2192 3
2193 0
2194 1
2195 3
2196 0
2197 2
2198 1
2199 3
2200 1
2201 3
2202 3
2203 3
2204 2
2205 0
2206 0
2207 3
2208 0
2209 3
2210 1
2211 0
2212 0
2213 1
2214 3
2215 3
2216 0
2217 0
2218 3
2219 0
2220 3
2221 3
2222 3
2223 0
2224 3
2225 1
2226 2
2227 3
2228 1
2229 3
2230 3
2231 3
2232 3
2233 3
2234 1
2235 2
2236 1
2237 3
2238 1
2239 0
2240 1
2241 1
2242 3
2243 1
2244 3
2245 3
2246 3
2247 1
2248 1
2249 2
2250 0
2251 1
2252 0
2253 0
2254 0
2255 1
2256 0
2257 3
2258 2
2259 0
2260 3
2261 0
2262 3
2263 0
2264 3
2265 3
2266 1
2267 0
2268 0
2269 3
2270 3
2271 3
2272 2
2273 3
2274 0
2275 0
2276 1
2277 3
2278 2
2279 2
2280 0
2281 1
2282 3
2283 0
2284 1
2285 0
2286 1
2287 1
2288 1
2289 2
2290 2
2291 0
2292 2
2293 0
2294 0
2295 3
2296 3
2297 0
2298 2
2299 2
2300 3
2301 0
2302 3
2303 1
2304 3
2305 2
2306 1
2307 3
2308 0
2309 0
2310 1
2311 2
2312 3
2313 1
2314 3
2315 3
2316 2
2317 1
2318 0
2319 3
2320 3
2321 3
2322 1
2323 3
2324 0
2325 3
2326 3
2327 1
2328 0
2329 1
2330 3
2331 0
2332 0
2333 2
2334 0
2335 3
2336 1
2337 2
2338 3
2339 3
2340 0
2341 3
2342 3
2343 2
2344 2
2345 3
2346 3
2347 0
2348 0
2349 0
2350 3
2351 3
2352 1
2353 1
2354 3
2355 2
2356 0
2357 1
2358 2
2359 1
2360 0
2361 3
2362 0
2363 0
2364 0
2365 1
2366 1
2367 3
2368 2
2369 3
2370 2
2371 3
2372 1
2373 3
2374 0
2375 1
2376 3
2377 0
2378 0
2379 3
2380 3
2381 3
2382 2
2383 1
2384 3
2385 1
2386 1
2387 0
2388 1
2389 2
2390 2
2391 1
2392 2
2393 0
2394 3
2395 0
2396 3
2397 2
2398 0
2399 0
2400 3
2401 3
2402 1
2403 3
2404 2
2405 3
2406 0
2407 2
2408 1
2409 0
2410 0
2411 1
2412 3
2413 1
2414 0
2415 3
2416 0
2417 3
2418 1
2419 3
2420 1
2421 0
2422 0
2423 3
2424 0
2425 2
2426 0
2427 3
2428 1
2429 3
2430 3
2431 3
2432 0
2433 3
2434 3
2435 1
2436 1
2437 3
2438 1
2439 1
2440 3
2441 0
2442 2
2443 1
2444 0
2445 3
2446 0
2447 3
2448 1
2449 3
2450 3
2451 3
2452 3
2453 1
2454 0
2455 3
2456 0
2457 3
2458 1
2459 1
2460 3
2461 3
2462 1
2463 1
2464 3
2465 3
2466 3
2467 1
2468 2
2469 2
2470 1
2471 1
2472 0
2473 0
2474 1
2475 3
2476 1
2477 3
2478 3
2479 0
2480 1
2481 1
2482 1
2483 3
2484 0
2485 0
2486 3
2487 3
2488 1
2489 2
2490 2
2491 3
2492 3
2493 1
2494 2
2495 0
2496 0
2497 3
2498 0
2499 1
2500 0
2501 3
2502 2
2503 1
2504 3
2505 3
2506 1
2507 3
2508 0
2509 3
2510 1
2511 2
2512 2
2513 0
2514 2
2515 2
2516 1
2517 3
2518 0
2519 3
2520 3
2521 1
2522 1
2523 0
2524 3
2525 0
2526 3
2527 1
2528 2
2529 1
2530 2
2531 3
2532 0
2533 0
2534 3
2535 1
2536 3
2537 3
2538 3
2539 2
2540 0
2541 0
2542 1
2543 1
2544 0
2545 2
2546 0
2547 2
2548 0
2549 1
2550 3
2551 1
2552 3
2553 2
2554 3
2555 2
2556 0
2557 0
2558 0
2559 3
2560 0
2561 3
2562 2
2563 1
2564 0
2565 3
2566 3
2567 2
2568 1
2569 3
2570 3
2571 0
2572 1
2573 1
2574 1
2575 3
2576 2
2577 2
2578 3
2579 1
2580 1
2581 2
2582 1
2583 2
2584 0
2585 3
2586 1
2587 2
2588 2
2589 0
2590 3
2591 3
2592 1
2593 2
2594 1
2595 3
2596 3
2597 0
2598 0
2599 1
2600 1
2601 1
2602 0
2603 0
2604 3
2605 0
2606 2
2607 1
2608 1
2609 3
2610 0
2611 0
2612 0
2613 3
2614 2
2615 3
2616 0
2617 1
2618 1
2619 2
2620 1
2621 2
2622 0
2623 0
2624 3
2625 3
2626 1
2627 1
2628 0
2629 1
2630 2
2631 3
2632 0
2633 2
2634 3
2635 2
2636 0
2637 3
2638 3
2639 0
2640 0
2641 3
2642 3
2643 3
2644 3
2645 3
2646 2
2647 2
2648 1
2649 3
2650 3
2651 3
2652 3
2653 1
2654 2
2655 1
2656 0
2657 3
2658 0
2659 1
2660 2
2661 0
2662 2
2663 3
2664 0
2665 1
2666 3
2667 0
2668 1
2669 2
2670 1
2671 0
2672 3
2673 2
2674 3
2675 0
2676 0
2677 0
2678 0
2679 2
2680 0
2681 2
2682 0
2683 3
2684 3
2685 0
2686 1
2687 3
2688 3
2689 1
2690 3
2691 2
2692 3
2693 0
2694 1
2695 2
2696 0
2697 2
2698 1
2699 0
2700 2
2701 3
2702 0
2703 0
2704 0
2705 0
2706 0
2707 3
2708 2
2709 0
2710 2
2711 0
2712 3
2713 0
2714 0
2715 3
2716 3
2717 0
2718 0
2719 3
2720 1
2721 1
2722 0
2723 1
2724 1
2725 1
2726 1
2727 0
2728 2
2729 0
2730 2
2731 3
2732 2
2733 0
2734 3
2735 3
2736 3
2737 2
2738 3
2739 0
2740 0
2741 3
2742 1
2743 3
2744 2
2745 3
2746 3
2747 3
2748 0
2749 2
2750 0
2751 3
2752 3
2753 3
2754 3
2755 3
2756 3
2757 3
2758 3
2759 3
2760 3
2761 3
2762 1
2763 1
2764 0
2765 0
2766 0
2767 1
2768 1
2769 3
2770 3
2771 1
2772 1
2773 0
2774 0
2775 0
2776 0
2777 0
2778 2
2779 3
2780 2
2781 1
2782 3
2783 3
2784 1
2785 1
2786 2
2787 3
2788 3
2789 3
2790 0
2791 3
2792 3
2793 0
2794 3
2795 0
2796 0
2797 1
2798 0
2799 3
2800 3
2801 1
2802 3
2803 3
2804 2
2805 3
2806 3
2807 0
2808 3
2809 2
2810 1
2811 0
2812 0
2813 1
2814 0
2815 3
2816 3
2817 3
2818 2
2819 2
2820 2
2821 2
2822 1
2823 3
2824 3
2825 0
2826 1
2827 3
2828 3
2829 0
2830 3
2831 1
2832 0
2833 1
2834 1
2835 3
2836 2
2837 0
2838 0
2839 2
2840 0
2841 2
2842 2
2843 1
2844 1
2845 1
2846 3
2847 1
2848 0
2849 3
2850 3
2851 3
2852 2
2853 3
2854 1
2855 2
2856 0
2857 0
2858 0
2859 3
2860 1
2861 3
2862 1
2863 3
2864 3
2865 0
2866 2
2867 2
2868 1
2869 3
2870 3
2871 2
2872 0
2873 0
2874 0
2875 3
2876 0
2877 0
2878 0
2879 0
2880 0
2881 1
2882 0
2883 3
2884 0
2885 1
2886 3
2887 2
2888 3
2889 3
2890 0
2891 3
2892 1
2893 1
2894 3
2895 0
2896 2
2897 0
2898 0
2899 2
2900 1
2901 2
2902 0
2903 3
2904 3
2905 3
2906 1
2907 0
2908 1
2909 1
2910 3
2911 1
2912 0
2913 0
2914 3
2915 1
2916 0
2917 0
2918 3
2919 2
2920 2
2921 0
2922 2
2923 0
2924 0
2925 3
2926 1
2927 3
2928 3
2929 0
2930 2
2931 3
2932 0
2933 3
2934 3
2935 2
2936 3
2937 1
2938 1
2939 0
2940 2
2941 2
2942 0
2943 0
2944 2
2945 0
2946 3
2947 3
2948 3
2949 0
2950 1
2951 1
2952 3
2953 3
2954 1
2955 3
2956 3
2957 1
2958 0
2959 2
2960 1
2961 0
2962 3
2963 0
2964 0
2965 0
2966 0
2967 2
2968 2
2969 3
2970 0
2971 1
2972 1
2973 3
2974 1
2975 3
2976 0
2977 1
2978 1
2979 3
2980 0
2981 3
2982 1
2983 3
2984 0
2985 0
2986 1
2987 3
2988 3
2989 0
2990 1
2991 3
2992 3
2993 3
2994 3
2995 0
2996 0
2997 1
2998 2
2999 0
3000 1
3001 0
3002 2
3003 2
3004 1
3005 2
3006 0
3007 3
3008 1
3009 3
3010 3
3011 3
3012 2
3013 2
3014 3
3015 3
3016 3
3017 3
3018 2
3019 2
3020 1
3021 0
3022 1
3023 1
3024 2
3025 0
3026 2
3027 0
3028 0
3029 0
3030 2
3031 0
3032 3
3033 0
3034 0
3035 0
3036 3
3037 3
3038 0
3039 3
3040 0
3041 0
3042 1
3043 0
3044 0
3045 0
3046 3
3047 2
3048 3
3049 0
3050 3
3051 3
3052 1
3053 0
3054 3
3055 1
3056 1
3057 1
3058 0
3059 3
3060 1
3061 2
3062 0
3063 3
3064 1
3065 3
3066 2
3067 1
3068 3
3069 2
3070 1
3071 3
3072 2
3073 3
3074 1
3075 2
3076 1
3077 3
3078 1
3079 3
3080 3
3081 0
3082 0
3083 1
3084 2
3085 3
3086 0
3087 1
3088 0
3089 0
3090 0
3091 0
3092 2
3093 0
3094 1
3095 3
3096 2
3097 2
3098 3
3099 0
3100 1
3101 2
3102 2
3103 3
3104 3
3105 2
3106 1
3107 1
3108 1
3109 2
3110 3
3111 0
3112 0
3113 1
3114 0
3115 2
3116 3
3117 1
3118 3
3119 2
3120 0
3121 0
3122 2
3123 0
3124 0
3125 0
3126 3
3127 1
3128 1
3129 2
3130 1
3131 2
3132 1
3133 0
3134 1
3135 0
3136 1
3137 3
3138 3
3139 0
3140 1
3141 3
3142 1
3143 1
3144 3
3145 3
3146 3
3147 3
3148 0
3149 2
3150 1
3151 3
3152 2
3153 1
3154 1
3155 0
3156 3
3157 0
3158 3
3159 3
3160 2
3161 0
3162 3
3163 2
3164 3
3165 1
3166 0
3167 0
3168 3
3169 1
3170 2
3171 1
3172 3
3173 1
3174 1
3175 1
3176 3
3177 3
3178 3
3179 1
3180 0
3181 3
3182 3
3183 3
3184 3
3185 3
3186 3
3187 3
3188 0
3189 0
3190 0
3191 3
3192 0
3193 3
3194 0
3195 0
3196 3
3197 0
3198 3
3199 2
3200 2
3201 2
3202 3
3203 3
3204 3
3205 2
3206 3
3207 3
3208 1
3209 0
3210 0
3211 2
3212 1
3213 3
3214 3
3215 0
3216 2
3217 3
3218 3
3219 3
3220 3
3221 0
3222 3
3223 3
3224 0
3225 3
3226 0
3227 3
3228 0
3229 2
3230 1
3231 0
3232 3
3233 0
3234 1
3235 3
3236 2
3237 0
3238 3
3239 3
3240 0
3241 2
3242 3
3243 0
3244 1
3245 2
3246 0
3247 3
3248 0
3249 1
3250 3
3251 1
3252 2
3253 3
3254 0
3255 0
3256 2
3257 2
3258 3
3259 3
3260 3
3261 2
3262 0
3263 0
3264 1
3265 2
3266 0
3267 3
3268 0
3269 0
3270 2
3271 2
3272 0
3273 3
3274 0
3275 3
3276 3
3277 3
3278 1
3279 1
3280 3
3281 0
3282 0
3283 3
3284 3
3285 1
3286 1
3287 3
3288 2
3289 1
3290 2
3291 3
3292 1
3293 1
3294 2
3295 0
3296 0
3297 3
3298 3
3299 3
3300 0
3301 3
3302 3
3303 3
3304 2
3305 0
3306 1
3307 0
3308 1
3309 2
3310 3
3311 2
3312 3
3313 0
3314 0
3315 0
3316 3
3317 0
3318 3
3319 3
3320 3
3321 2
3322 0
3323 0
3324 1
3325 3
3326 0
3327 3
3328 0
3329 3
3330 3
3331 0
3332 0
3333 3
3334 1
3335 3
3336 2
3337 0
3338 2
3339 0
3340 3
3341 0
3342 3
3343 3
3344 3
3345 3
3346 0
3347 3
3348 1
3349 2
3350 1
3351 3
3352 3
3353 3
3354 1
3355 0
3356 0
3357 1
3358 3
3359 0
3360 3
3361 0
3362 0
3363 1
3364 2
3365 0
3366 3
3367 0
3368 0
3369 1
3370 3
3371 3
3372 1
3373 0
3374 1
3375 3
3376 2
3377 0
3378 1
3379 3
3380 3
3381 2
3382 1
3383 0
3384 3
3385 1
3386 0
3387 0
3388 1
3389 0
3390 3
3391 3
3392 3
3393 3
3394 0
3395 3
3396 1
3397 1
3398 3
3399 3
3400 3
3401 3
3402 1
3403 3
3404 0
3405 1
3406 2
3407 0
3408 2
3409 3
3410 2
3411 1
3412 0
3413 2
3414 3
3415 0
3416 2
3417 0
3418 3
3419 3
3420 1
3421 3
3422 0
3423 3
3424 3
3425 2
3426 3
3427 0
3428 0
3429 0
3430 0
3431 2
3432 3
3433 3
3434 3
3435 0
3436 1
3437 0
3438 0
3439 0
3440 3
3441 3
3442 1
3443 3
3444 0
3445 0
3446 3
3447 0
3448 3
3449 0
3450 0
3451 0
3452 3
3453 0
3454 3
3455 0
3456 0
3457 3
3458 2
3459 0
3460 0
3461 3
3462 2
3463 0
3464 3
3465 2
3466 2
3467 0
3468 2
3469 1
3470 3
3471 0
3472 3
3473 1
3474 0
3475 3
3476 3
3477 3
3478 3
3479 0
3480 0
3481 0
3482 0
3483 0
3484 1
3485 2
3486 1
3487 1
3488 2
3489 0
3490 1
3491 2
3492 0
3493 1
3494 1
3495 1
3496 3
3497 0
3498 3
3499 2
3500 0
3501 0
3502 2
3503 1
3504 0
3505 1
3506 3
3507 1
3508 3
3509 0
3510 3
3511 3
3512 1
3513 2
3514 0
3515 3
3516 0
3517 3
3518 2
3519 2
3520 1
3521 3
3522 0
3523 1
3524 2
3525 0
3526 3
3527 1
3528 0
3529 0
3530 3
3531 3
3532 1
3533 3
3534 3
3535 0
3536 3
3537 0
3538 0
3539 0
3540 1
3541 0
3542 0
3543 2
3544 3
3545 2
3546 3
3547 3
3548 0
3549 2
3550 0
3551 3
3552 3
3553 0
3554 0
3555 0
3556 0
3557 1
3558 0
3559 3
3560 3
3561 3
3562 2
3563 2
3564 1
3565 0
3566 1
3567 2
3568 0
3569 3
3570 0
3571 2
3572 0
3573 1
3574 1
3575 0
3576 1
3577 3
3578 3
3579 1
3580 0
3581 1
3582 1
3583 2
3584 0
3585 1
3586 0
3587 2
3588 3
3589 3
3590 3
3591 0
3592 2
3593 3
3594 1
3595 2
3596 2
3597 0
3598 2
3599 2
3600 1
3601 3
3602 1
3603 3
3604 0
3605 3
3606 3
3607 3
3608 1
3609 3
3610 3
3611 2
3612 1
3613 2
3614 0
3615 0
3616 3
3617 0
3618 0
3619 2
3620 3
3621 3
3622 1
3623 3
3624 2
3625 3
3626 3
3627 0
3628 3
3629 0
3630 3
3631 0
3632 0
3633 0
3634 1
3635 2
3636 3
3637 3
3638 2
3639 3
3640 0
3641 0
3642 0
3643 0
3644 2
3645 3
3646 0
3647 2
3648 0
3649 2
3650 3
3651 3
3652 1
3653 3
3654 0
3655 1
3656 3
3657 1
3658 2
3659 0
3660 0
3661 3
3662 0
3663 0
3664 1
3665 1
3666 1
3667 0
3668 3
3669 3
3670 2
3671 3
3672 3
3673 0
3674 3
3675 3
3676 1
3677 3
3678 1
3679 2
3680 3
3681 1
3682 3
3683 0
3684 3
3685 0
3686 3
3687 3
3688 0
3689 0
3690 3
3691 1
3692 3
3693 3
3694 0
3695 0
3696 2
3697 0
3698 1
3699 2
3700 1
3701 0
3702 2
3703 0
3704 3
3705 1
3706 0
3707 1
3708 3
3709 3
3710 3
3711 1
3712 3
3713 0
3714 1
3715 2
3716 2
3717 3
3718 2
3719 2
3720 3
3721 3
3722 3
3723 2
3724 2
3725 0
3726 0
3727 1
3728 0
3729 3
3730 2
3731 2
3732 3
3733 2
3734 3
3735 2
3736 3
3737 1
3738 3
3739 0
3740 3
3741 3
3742 1
3743 0
3744 0
3745 3
3746 3
3747 2
3748 2
3749 3
3750 1
3751 0
3752 3
3753 1
3754 1
3755 0
3756 0
3757 1
3758 1
3759 1
3760 1
3761 0
3762 3
3763 0
3764 3
3765 2
3766 3
3767 0
3768 3
3769 0
3770 0
3771 3
3772 3
3773 1
3774 0
3775 2
3776 3
3777 3
3778 2
3779 0
3780 0
3781 0
3782 1
3783 1
3784 3
3785 1
3786 1
3787 2
3788 1
3789 3
3790 3
3791 3
3792 0
3793 2
3794 3
3795 3
3796 2
3797 1
3798 0
3799 0
3800 3
3801 0
3802 1
3803 0
3804 2
3805 0
3806 0
3807 0
3808 3
3809 2
3810 3
3811 1
3812 1
3813 3
3814 3
3815 0
3816 3
3817 3
3818 3
3819 3
3820 3
3821 3
3822 2
3823 0
3824 3
3825 3
3826 3
3827 1
3828 1
3829 1
3830 0
3831 2
3832 3
3833 0
3834 3
3835 0
3836 0
3837 3
3838 1
3839 1
3840 0
3841 2
3842 0
3843 3
3844 3
3845 2
3846 3
3847 3
3848 1
3849 3
3850 0
3851 3
3852 0
3853 0
3854 0
3855 0
3856 3
3857 3
3858 1
3859 2
3860 2
3861 2
3862 0
3863 2
3864 3
3865 3
3866 0
3867 1
3868 1
3869 3
3870 3
3871 3
3872 2
3873 0
3874 3
3875 3
3876 3
3877 3
3878 3
3879 2
3880 2
3881 1
3882 3
3883 2
3884 1
3885 3
3886 0
3887 3
3888 3
3889 1
3890 0
3891 3
3892 3
3893 2
3894 0
3895 0
3896 1
3897 1
3898 1
3899 1
3900 0
3901 1
3902 3
3903 0
3904 1
3905 3
3906 2
3907 3
3908 0
3909 3
3910 0
3911 3
3912 0
3913 3
3914 1
3915 3
3916 1
3917 2
3918 0
3919 2
3920 2
3921 1
3922 2
3923 0
3924 1
3925 0
3926 1
3927 3
3928 1
3929 3
3930 1
3931 2
3932 3
3933 3
3934 2
3935 0
3936 1
3937 1
3938 3
3939 2
3940 2
3941 3
3942 3
3943 0
3944 0
3945 3
3946 1
3947 3
3948 1
3949 2
3950 3
3951 1
3952 3
3953 3
3954 3
3955 3
3956 3
3957 1
3958 0
3959 3
3960 2
3961 2
3962 1
3963 1
3964 0
3965 0
3966 3
3967 1
3968 3
3969 3
3970 3
3971 0
3972 1
3973 2
3974 1
3975 1
3976 1
3977 1
3978 3
3979 3
3980 3
3981 2
3982 3
3983 3
3984 1
3985 1
3986 3
3987 2
3988 3
3989 1
3990 0
3991 0
3992 3
3993 2
3994 3
3995 1
3996 0
3997 1
3998 1
3999 2
4000 2
4001 3
4002 0
4003 0
4004 2
4005 0
4006 0
4007 1
4008 0
4009 0
4010 3
4011 3
4012 2
4013 3
4014 3
4015 0
4016 3
4017 1
4018 2
4019 3
4020 0
4021 0
4022 0
4023 0
4024 3
4025 2
4026 2
4027 1
4028 2
4029 2
4030 3
4031 1
4032 0
4033 3
4034 3
4035 1
4036 0
4037 1
4038 2
4039 0
4040 3
4041 3
4042 2
4043 0
4044 0
4045 3
4046 0
4047 2
4048 1
4049 2
4050 3
4051 1
4052 0
4053 3
4054 1
4055 3
4056 2
4057 1
4058 1
4059 0
4060 3
4061 2
4062 3
4063 1
4064 1
4065 0
4066 1
4067 0
4068 2
4069 0
4070 3
4071 3
4072 3
4073 3
4074 3
4075 1
4076 2
4077 2
4078 3
4079 3
4080 3
4081 3
4082 3
4083 2
4084 3
4085 0
4086 1
4087 0
4088 3
4089 1
4090 3
4091 2
4092 3
4093 2
4094 3
4095 3
4096 1
4097 0
4098 3
4099 1
4100 1
4101 2
4102 1
4103 1
4104 0
4105 3
4106 0
4107 3
4108 2
4109 3
4110 0
4111 0
4112 2
4113 0
4114 0
4115 2
4116 0
4117 1
4118 0
4119 0
4120 2
4121 0
4122 1
4123 0
4124 2
4125 2
4126 3
4127 0
4128 3
4129 2
4130 1
4131 3
4132 1
4133 3
4134 0
4135 1
4136 2
4137 0
4138 2
4139 3
4140 1
4141 0
4142 3
4143 1
4144 0
4145 1
4146 0
4147 3
4148 2
4149 0
4150 3
4151 0
4152 3
4153 3
4154 0
4155 3
4156 1
4157 1
4158 1
4159 0
4160 3
4161 0
4162 3
4163 1
4164 3
4165 0
4166 3
4167 3
4168 0
4169 1
4170 2
4171 0
4172 0
4173 3
4174 1
4175 2
4176 2
4177 3
4178 0
4179 3
4180 3
4181 1
4182 3
4183 0
4184 2
4185 0
4186 3
4187 0
4188 0
4189 3
4190 0
4191 3
4192 3
4193 0
4194 0
4195 0
4196 3
4197 1
4198 1
4199 2
4200 3
4201 0
4202 3
4203 3
4204 1
4205 0
4206 0
4207 3
4208 0
4209 1
4210 3
4211 0
4212 3
4213 1
4214 1
4215 1
4216 3
4217 3
4218 3
4219 1
4220 3
4221 0
4222 0
4223 1
4224 2
4225 1
4226 3
4227 3
4228 1
4229 3
4230 0
4231 2
4232 3
4233 0
4234 2
4235 3
4236 3
4237 0
4238 0
4239 1
4240 2
4241 0
4242 1
4243 1
4244 2
4245 1
4246 3
4247 3
4248 1
4249 1
4250 3
4251 1
4252 0
4253 3
4254 2
4255 1
4256 1
4257 0
4258 1
4259 2
4260 2
4261 0
4262 1
4263 1
4264 3
4265 0
4266 0
4267 3
4268 2
4269 2
4270 3
4271 3
4272 0
4273 3
4274 3
4275 1
4276 2
4277 0
4278 0
4279 3
4280 3
4281 1
4282 0
4283 0
4284 2
4285 3
4286 0
4287 0
4288 0
4289 3
4290 3
4291 3
4292 3
4293 1
4294 0
4295 0
4296 2
4297 1
4298 0
4299 0
4300 0
4301 0
4302 0
4303 1
4304 0
4305 0
4306 0
4307 1
4308 0
4309 3
4310 0
4311 1
4312 3
4313 3
4314 0
4315 0
4316 0
4317 1
4318 2
4319 1
4320 1
4321 0
4322 3
4323 3
4324 1
4325 1
4326 2
4327 3
4328 0
4329 0
4330 3
4331 1
4332 3
4333 2
4334 2
4335 1
4336 0
4337 0
4338 3
4339 3
4340 0
4341 1
4342 1
4343 0
4344 2
4345 0
4346 1
4347 0
4348 2
4349 1
4350 0
4351 1
4352 3
4353 3
4354 1
4355 3
4356 3
4357 0
4358 3
4359 1
4360 1
4361 2
4362 0
4363 1
4364 3
4365 2
4366 1
4367 3
4368 1
4369 2
4370 3
4371 3
4372 0
4373 3
4374 3
4375 0
4376 3
4377 1
4378 0
4379 1
4380 0
4381 0
4382 3
4383 1
4384 1
4385 0
4386 3
4387 2
4388 0
4389 1
4390 2
4391 1
4392 2
4393 3
4394 0
4395 2
4396 3
4397 3
4398 3
4399 0
4400 3
4401 1
4402 2
4403 1
4404 3
4405 1
4406 2
4407 0
4408 0
4409 3
4410 1
4411 1
4412 2
4413 1
4414 3
4415 2
4416 2
4417 0
4418 0
4419 0
4420 2
4421 1
4422 0
4423 3
4424 0
4425 1
4426 2
4427 0
4428 1
4429 0
4430 3
4431 3
4432 1
4433 0
4434 3
4435 0
4436 0
4437 3
4438 0
4439 2
4440 2
4441 2
4442 1
4443 2
4444 3
4445 1
4446 3
4447 1
4448 3
4449 0
4450 3
4451 1
4452 3
4453 2
4454 3
4455 1
4456 2
4457 2
4458 3
4459 1
4460 2
4461 3
4462 2
4463 2
4464 0
4465 1
4466 3
4467 2
4468 2
4469 0
4470 1
4471 3
4472 0
4473 1
4474 2
4475 3
4476 3
4477 3
4478 3
4479 2
4480 3
4481 1
4482 0
4483 0
4484 1
4485 1
4486 0
4487 3
4488 2
4489 3
4490 1
4491 0
4492 2
4493 3
4494 0
4495 0
4496 1
4497 0
4498 2
4499 1
4500 3
4501 0
4502 3
4503 2
4504 2
4505 1
4506 3
4507 3
4508 3
4509 0
4510 0
4511 2
4512 1
4513 2
4514 2
4515 0
4516 3
4517 2
4518 1
4519 0
4520 1
4521 3
4522 3
4523 0
4524 1
4525 3
4526 3
4527 2
4528 3
4529 0
4530 3
4531 1
4532 3
4533 3
4534 0
4535 3
4536 3
4537 1
4538 0
4539 2
4540 1
4541 0
4542 2
4543 1
4544 2
4545 1
4546 2
4547 1
4548 1
4549 2
4550 3
4551 3
4552 1
4553 2
4554 3
4555 1
4556 3
4557 0
4558 3
4559 0
4560 1
4561 3
4562 2
4563 1
4564 0
4565 1
4566 3
4567 3
4568 1
4569 1
4570 0
4571 1
4572 1
4573 0
4574 3
4575 1
4576 3
4577 3
4578 1
4579 1
4580 0
4581 1
4582 1
4583 3
4584 3
4585 0
4586 2
4587 3
4588 3
4589 0
4590 0
4591 3
4592 1
4593 3
4594 1
4595 0
4596 1
4597 0
4598 0
4599 0
4600 3
4601 1
4602 0
4603 0
4604 1
4605 3
4606 3
4607 3
4608 0
4609 3
4610 1
4611 2
4612 1
4613 1
4614 3
4615 2
4616 3
4617 2
4618 2
4619 3
4620 1
4621 1
4622 3
4623 0
4624 2
4625 0
4626 0
4627 1
4628 0
4629 0
4630 0
4631 3
4632 3
4633 2
4634 1
4635 1
4636 0
4637 1
4638 3
4639 2
4640 3
4641 0
4642 1
4643 2
4644 3
4645 2
4646 3
4647 0
4648 3
4649 0
4650 1
4651 3
4652 1
4653 0
4654 0
4655 0
4656 3
4657 1
4658 0
4659 0
4660 1
4661 0
4662 3
4663 3
4664 3
4665 2
4666 0
4667 2
4668 3
4669 0
4670 3
4671 0
4672 3
4673 2
4674 0
4675 1
4676 2
4677 0
4678 1
4679 1
4680 3
4681 0
4682 0
4683 3
4684 0
4685 2
4686 1
4687 0
4688 0
4689 0
4690 2
4691 3
4692 3
4693 3
4694 1
4695 3
4696 3
4697 3
4698 0
4699 2
4700 1
4701 0
4702 3
4703 3
4704 1
4705 0
4706 0
4707 0
4708 2
4709 3
4710 0
4711 0
4712 1
4713 0
4714 1
4715 3
4716 1
4717 3
4718 0
4719 1
4720 0
4721 0
4722 3
4723 0
4724 1
4725 3
4726 3
4727 0
4728 1
4729 3
4730 0
4731 0
4732 1
4733 1
4734 1
4735 2
4736 3
4737 2
4738 1
4739 1
4740 0
4741 2
4742 1
4743 0
4744 3
4745 1
4746 3
4747 1
4748 0
4749 3
4750 3
4751 2
4752 1
4753 2
4754 2
4755 3
4756 3
4757 2
4758 1
4759 1
4760 0
4761 0
4762 1
4763 3
4764 3
4765 3
4766 3
4767 1
4768 2
4769 0
4770 2
4771 3
4772 3
4773 1
4774 0
4775 3
4776 3
4777 3
4778 3
4779 3
4780 3
4781 0
4782 3
4783 1
4784 0
4785 1
4786 0
4787 3
4788 1
4789 1
4790 0
4791 3
4792 1
4793 1
4794 3
4795 0
4796 3
4797 1
4798 1
4799 0
4800 0
4801 2
4802 1
4803 0
4804 2
4805 3
4806 0
4807 2
4808 1
4809 0
4810 2
4811 3
4812 1
4813 3
4814 2
4815 2
4816 0
4817 3
4818 0
4819 0
4820 0
4821 3
4822 2
4823 3
4824 2
4825 0
4826 0
4827 2
4828 3
4829 0
4830 3
4831 0
4832 0
4833 3
4834 1
4835 3
4836 1
4837 3
4838 2
4839 3
4840 2
4841 3
4842 3
4843 2
4844 0
4845 1
4846 1
4847 3
4848 3
4849 0
4850 3
4851 1
4852 0
4853 3
4854 0
4855 0
4856 0
4857 0
4858 0
4859 1
4860 3
4861 3
4862 3
4863 0
4864 0
4865 1
4866 1
4867 3
4868 1
4869 2
4870 0
4871 0
4872 3
4873 1
4874 0
4875 3
4876 3
4877 2
4878 0
4879 3
4880 3
4881 3
4882 0
4883 0
4884 3
4885 1
4886 3
4887 2
4888 1
4889 0
4890 3
4891 1
4892 0
4893 0
4894 3
4895 3
4896 2
4897 3
4898 3
4899 1
4900 0
4901 2
4902 3
4903 0
4904 0
4905 3
4906 0
4907 2
4908 3
4909 1
4910 1
4911 1
4912 3
4913 0
4914 3
4915 3
4916 0
4917 3
4918 1
4919 3
4920 2
4921 0
4922 3
4923 3
4924 3
4925 3
4926 1
4927 0
4928 3
4929 3
4930 3
4931 3
4932 2
4933 0
4934 3
4935 0
4936 3
4937 2
4938 3
4939 0
4940 0
4941 1
4942 1
4943 0
4944 3
4945 1
4946 2
4947 3
4948 1
4949 0
4950 3
4951 3
4952 1
4953 1
4954 0
4955 2
4956 3
4957 1
4958 3
4959 3
4960 2
4961 2
4962 1
4963 3
4964 0
4965 0
4966 0
4967 3
4968 3
4969 1
4970 0
4971 3
4972 2
4973 3
4974 2
4975 0
4976 0
4977 2
4978 0
4979 0
4980 1
4981 0
4982 3
4983 2
4984 3
4985 2
4986 0
4987 2
4988 2
4989 3
4990 1
4991 1
4992 0
4993 0
4994 1
4995 2
4996 3
4997 1
4998 3
4999 1
5000 0
5001 3
5002 0
5003 2
5004 0
5005 1
5006 2
5007 1
5008 3
5009 1
5010 1
5011 3
5012 3
5013 1
5014 0
5015 0
5016 3
5017 1
5018 1
5019 0
5020 0
5021 3
5022 3
5023 3
5024 2
5025 3
5026 2
5027 1
5028 0
5029 1
5030 3
5031 3
5032 0
5033 0
5034 3
5035 1
5036 1
5037 1
5038 2
5039 0
5040 2
5041 0
5042 1
5043 0
5044 2
5045 0
5046 3
5047 0
5048 1
5049 3
5050 3
5051 3
5052 2
5053 3
5054 1
5055 1
5056 3
5057 0
5058 2
5059 3
5060 0
5061 0
5062 1
5063 2
5064 2
5065 1
5066 0
5067 1
5068 0
5069 2
5070 1
5071 3
5072 3
5073 3
5074 1
5075 3
5076 3
5077 1
5078 0
5079 1
5080 1
5081 2
5082 3
5083 3
5084 1
5085 3
5086 0
5087 1
5088 0
5089 3
5090 3
5091 1
5092 3
5093 1
5094 2
5095 3
5096 1
5097 3
5098 1
5099 2
5100 3
5101 1
5102 3
5103 3
5104 2
5105 1
5106 3
5107 3
5108 0
5109 1
5110 3
5111 0
5112 2
5113 3
5114 0
5115 1
5116 0
5117 3
5118 0
5119 3
5120 0
5121 3
5122 0
5123 3
5124 3
5125 3
5126 2
5127 0
5128 3
5129 3
5130 0
5131 2
5132 0
5133 3
5134 0
5135 3
5136 2
5137 1
5138 1
5139 1
5140 1
5141 1
5142 0
5143 1
5144 3
5145 0
5146 0
5147 0
5148 0
5149 0
5150 3
5151 0
5152 3
5153 3
5154 3
5155 0
5156 1
5157 0
5158 0
5159 0
5160 3
5161 2
5162 2
5163 3
5164 3
5165 2
5166 0
5167 0
5168 2
5169 3
5170 0
5171 0
5172 1
5173 3
5174 3
5175 1
5176 0
5177 1
5178 3
5179 3
5180 2
5181 3
5182 3
5183 3
5184 1
5185 3
5186 0
5187 3
5188 0
5189 3
5190 3
5191 1
5192 1
5193 1
5194 2
5195 3
5196 2
5197 2
5198 3
5199 3
5200 0
5201 0
5202 1
5203 1
5204 0
5205 1
5206 1
5207 3
5208 3
5209 3
5210 1
5211 0
5212 1
5213 3
5214 3
5215 1
5216 2
5217 2
5218 3
5219 3
5220 1
5221 3
5222 0
5223 3
5224 2
5225 1
5226 3
5227 3
5228 2
5229 1
5230 3
5231 1
5232 0
5233 2
5234 3
5235 0
5236 3
5237 2
5238 0
5239 0
5240 2
5241 1
5242 3
5243 0
5244 2
5245 3
5246 3
5247 3
5248 0
5249 3
5250 2
5251 3
5252 2
5253 3
5254 2
5255 3
5256 0
5257 3
5258 3
5259 1
5260 0
5261 3
5262 2
5263 1
5264 3
5265 0
5266 0
5267 0
5268 0
5269 3
5270 2
5271 0
5272 3
5273 2
5274 0
5275 1
5276 0
5277 0
5278 0
5279 0
5280 3
5281 3
5282 3
5283 1
5284 0
5285 2
5286 1
5287 3
5288 3
5289 2
5290 1
5291 0
5292 3
5293 3
5294 3
5295 2
5296 0
5297 3
5298 3
5299 2
5300 0
5301 0
5302 2
5303 0
5304 1
5305 1
5306 3
5307 0
5308 1
5309 2
5310 3
5311 1
5312 3
5313 3
5314 0
5315 2
5316 2
5317 1
5318 2
5319 1
5320 3
5321 2
5322 2
5323 0
5324 3
5325 3
5326 0
5327 2
5328 3
5329 3
5330 3
5331 3
5332 0
5333 0
5334 3
5335 0
5336 0
5337 0
5338 3
5339 0
5340 1
5341 3
5342 2
5343 1
5344 1
5345 1
5346 1
5347 0
5348 3
5349 3
5350 0
5351 2
5352 1
5353 0
5354 1
5355 3
5356 2
5357 3
5358 0
5359 3
5360 1
5361 3
5362 0
5363 1
5364 0
5365 0
5366 0
5367 3
5368 0
5369 0
5370 0
5371 3
5372 1
5373 3
5374 1
5375 0
5376 1
5377 0
5378 3
5379 2
5380 1
5381 0
5382 0
5383 3
5384 2
5385 3
5386 1
5387 2
5388 0
5389 3
5390 3
5391 0
5392 0
5393 1
5394 3
5395 1
5396 1
5397 2
5398 3
5399 1
5400 1
5401 1
5402 0
5403 0
5404 3
5405 2
5406 3
5407 0
5408 3
5409 3
5410 0
5411 0
5412 2
5413 3
5414 1
5415 2
5416 3
5417 2
5418 1
5419 2
5420 3
5421 3
5422 0
5423 3
5424 3
5425 3
5426 0
5427 3
5428 0
5429 0
5430 0
5431 2
5432 1
5433 3
5434 3
5435 1
5436 3
5437 1
5438 3
5439 0
5440 3
5441 0
5442 3
5443 0
5444 3
5445 1
5446 1
5447 0
5448 0
5449 0
5450 0
5451 0
5452 1
5453 0
5454 1
5455 2
5456 2
5457 2
5458 0
5459 3
5460 3
5461 1
5462 0
5463 2
5464 1
5465 1
5466 3
5467 1
5468 2
5469 2
5470 0
5471 2
5472 3
5473 1
5474 2
5475 0
5476 0
5477 3
5478 2
5479 1
5480 0
5481 1
5482 3
5483 3
5484 1
5485 1
5486 3
5487 1
5488 0
5489 3
5490 0
5491 0
5492 2
5493 1
5494 0
5495 0
5496 3
5497 2
5498 3
5499 3
5500 3
5501 0
5502 2
5503 0
5504 1
5505 1
5506 1
5507 1
5508 3
5509 2
5510 2
5511 2
5512 2
5513 0
5514 3
5515 2
5516 2
5517 3
5518 1
5519 1
5520 3
5521 1
5522 1
5523 1
5524 3
5525 3
5526 3
5527 0
5528 1
5529 0
5530 2
5531 0
5532 0
5533 3
5534 3
5535 1
5536 3
5537 1
5538 2
5539 1
5540 0
5541 1
5542 1
5543 1
5544 0
5545 1
5546 2
5547 0
5548 3
5549 3
5550 3
5551 0
5552 2
5553 3
5554 3
5555 0
5556 3
5557 0
5558 2
5559 0
5560 3
5561 3
5562 3
5563 3
5564 3
5565 0
5566 2
5567 3
5568 0
5569 3
5570 3
5571 3
5572 0
5573 1
5574 2
5575 3
5576 0
5577 2
5578 2
5579 3
5580 1
5581 3
5582 2
5583 1
5584 1
5585 3
5586 3
5587 2
5588 3
5589 2
5590 2
5591 3
5592 2
5593 3
5594 0
5595 1
5596 3
5597 1
5598 1
5599 2
5600 1
5601 2
5602 1
5603 3
5604 0
5605 0
5606 0
5607 3
5608 1
5609 1
5610 3
5611 0
5612 0
5613 0
5614 3
5615 3
5616 0
5617 3
5618 1
5619 2
5620 0
5621 0
5622 3
5623 1
5624 3
5625 2
5626 3
5627 3
5628 3
5629 3
5630 0
5631 3
5632 3
5633 1
5634 3
5635 2
5636 1
5637 0
5638 3
5639 2
5640 1
5641 0
5642 3
5643 0
5644 0
5645 0
5646 0
5647 0
5648 1
5649 1
5650 3
5651 0
5652 1
5653 3
5654 3
5655 3
5656 3
5657 0
5658 0
5659 2
5660 3
5661 3
5662 1
5663 3
5664 0
5665 2
5666 3
5667 3
5668 1
5669 0
5670 3
5671 3
5672 3
5673 0
5674 3
5675 2
5676 0
5677 1
5678 0
5679 0
5680 2
5681 3
5682 0
5683 0
5684 2
5685 3
5686 3
5687 1
5688 1
5689 0
5690 0
5691 0
5692 2
5693 0
5694 1
5695 1
5696 0
5697 0
5698 3
5699 0
5700 0
5701 0
5702 3
5703 3
5704 1
5705 3
5706 0
5707 1
5708 3
5709 3
5710 3
5711 2
5712 3
5713 1
5714 0
5715 3
5716 2
5717 3
5718 3
5719 1
5720 0
5721 0
5722 3
5723 3
5724 1
5725 1
5726 3
5727 1
5728 3
5729 0
5730 1
5731 0
5732 3
5733 3
5734 0
5735 3
5736 3
5737 2
5738 0
5739 1
5740 0
5741 3
5742 0
5743 0
5744 3
5745 0
5746 3
5747 0
5748 3
5749 1
5750 3
5751 0
5752 0
5753 3
5754 3
5755 3
5756 3
5757 3
5758 0
5759 2
5760 2
5761 2
5762 3
5763 2
5764 3
5765 2
5766 3
5767 3
5768 2
5769 3
5770 1
5771 3
5772 2
5773 1
5774 0
5775 3
5776 0
5777 1
5778 3
5779 0
5780 3
5781 0
5782 2
5783 1
5784 1
5785 2
5786 2
5787 0
5788 0
5789 2
5790 0
5791 1
5792 3
5793 0
5794 3
5795 3
5796 0
5797 1
5798 3
5799 3
5800 3
5801 0
5802 1
5803 2
5804 0
5805 1
5806 0
5807 2
5808 0
5809 3
5810 0
5811 1
5812 2
5813 3
5814 3
5815 3
5816 3
5817 0
5818 3
5819 3
5820 3
5821 1
5822 1
5823 1
5824 3
5825 1
5826 1
5827 3
5828 0
5829 1
5830 0
5831 3
5832 1
5833 3
5834 3
5835 0
5836 3
5837 0
5838 3
5839 3
5840 2
5841 2
5842 0
5843 2
5844 0
5845 2
5846 0
5847 3
5848 3
5849 0
5850 3
5851 3
5852 3
5853 1
5854 1
5855 3
5856 3
5857 1
5858 0
5859 1
5860 3
5861 3
5862 2
5863 1
5864 3
5865 0
5866 3
5867 0
5868 3
5869 3
5870 0
5871 3
5872 0
5873 0
5874 3
5875 0
5876 0
5877 0
5878 1
5879 1
5880 3
5881 2
5882 1
5883 1
5884 1
5885 3
5886 1
5887 2
5888 1
5889 0
5890 0
5891 3
5892 3
5893 3
5894 1
5895 0
5896 3
5897 1
5898 0
5899 0
5900 1
5901 3
5902 0
5903 0
5904 1
5905 2
5906 0
5907 2
5908 1
5909 2
5910 3
5911 0
5912 0
5913 0
5914 3
5915 3
5916 0
5917 0
5918 3
5919 3
5920 1
5921 3
5922 2
5923 1
5924 1
5925 0
5926 1
5927 1
5928 3
5929 3
5930 3
5931 3
5932 3
5933 0
5934 3
5935 1
5936 1
5937 3
5938 3
5939 0
5940 0
5941 0
5942 2
5943 3
5944 0
5945 3
5946 0
5947 0
5948 2
5949 2
5950 3
5951 2
5952 3
5953 0
5954 3
5955 2
5956 1
5957 3
5958 1
5959 3
5960 3
5961 2
5962 2
5963 0
5964 0
5965 0
5966 1
5967 0
5968 2
5969 2
5970 0
5971 2
5972 1
5973 1
5974 0
5975 0
5976 3
5977 0
5978 2
5979 1
5980 3
5981 0
5982 1
5983 3
5984 0
5985 0
5986 1
5987 2
5988 0
5989 2
5990 1
5991 0
5992 1
5993 3
5994 1
5995 3
5996 2
5997 3
5998 3
5999 0
